-0.453678
-1.746880
0.115646
0.170287
-1.080994
0.249396
0.620814
-0.389313
-0.259712
0.435310
0.077746
0.201593
-0.958566
1.247398
-1.619200
0.373083
-0.381837
-0.735354
0.335558
-1.077322
-0.535136
-0.779588
0.102976
0.367835
-1.589868
-1.419788
-1.192289
-0.464869
-1.908900
-1.404931
-0.227905
0.931912
0.705638
-0.474642
0.917574
0.605043
-0.088946
-0.267536
-1.591415
0.507374
-0.891628
-0.071763
0.274454
0.431533
-0.610517
0.421519
0.814362
0.232818
-1.985477
-1.556038
-1.902336
0.809108
-1.249881
0.528072
-1.110187
0.503646
0.008025
-1.017766
-0.669714
-0.097694
0.404924
-0.959478
0.095328
-0.387850
-0.025901
0.614096
-0.513178
-1.302482
-0.704691
0.323073
0.951558
-1.315217
-0.574848
-0.184578
-0.703207
0.641441
0.065483
0.679505
1.137789
-0.104451
0.411391
-0.149554
0.531963
-1.174047
-1.380413
0.063740
-1.973207
-1.996774
-0.502281
0.772898
-1.011783
-0.048264
-1.079336
-1.811137
-1.314204
0.061842
-1.340977
0.790692
-0.802455
0.020311
-0.519332
-0.234166
0.622826
-1.098179
0.618237
-1.657259
-0.127408
0.348811
-0.113606
-0.011916
-2.058677
-0.485106
0.867079
0.550134
0.201574
-0.120156
-0.112940
-0.986172
-0.231425
-0.186104
0.367147
-1.156630
-1.220403
-0.278777
0.505946
-0.577721
-0.442653
0.605350
0.520160
0.218895
-1.445639
0.203320
-1.475315
0.013054
0.916829
0.764328
1.160621
-1.917009
0.123566
-0.712770
0.474250
-1.974479
-0.321698
0.478863
-1.370489
-1.970693
-0.193646
0.242969
-0.593148
-0.521202
0.514270
-0.445518
-0.100810
-1.485751
-0.157062
-0.252211
0.569537
-0.353638
-0.503362
-0.538926
0.008870
-0.454874
-0.175362
-1.811251
-0.009046
-0.334142
-0.458408
-0.635389
0.870417
1.182297
-0.382200
0.046028
0.471732
-0.869716
-1.651007
0.112173
0.823065
0.722853
0.523159
-0.188341
-1.194500
0.646029
1.065738
-0.207930
-2.152277
-2.151361
-0.411174
-1.973466
-0.352891
-0.704690
-1.349087
-1.607057
0.212852
-0.458381
0.704950
-1.747368
-0.888532
-1.580389
-1.103029
-0.405775
