5.700776
1.386831
3.641055
2.915895
5.347794
4.572581
2.738806
0.111022
4.928443
2.668220
3.692594
4.751622
5.530878
4.429244
1.057597
2.434237
5.612818
5.501427
2.461621
5.361897
0.347348
2.117209
4.878999
0.059168
0.833345
1.216591
1.192330
3.622755
1.633128
1.192886
0.091644
4.480714
2.670579
5.590888
2.795966
2.511897
5.077329
3.150915
1.215884
4.032825
5.028711
0.117837
4.087663
2.276886
4.990776
3.016877
4.256828
2.573354
1.827704
1.137922
1.160587
4.093339
1.816586
3.250043
0.905238
4.187391
2.270238
5.160070
5.121931
3.561377
2.979315
5.398615
4.929775
3.869462
4.907846
3.961365
2.051824
1.738355
2.047161
3.204474
4.362679
1.855741
5.030976
3.408435
2.222481
4.216439
3.279427
2.669281
4.167403
3.727861
4.768927
5.741061
3.135542
5.280853
1.037737
5.878481
1.628684
1.513976
5.254451
4.423836
0.819112
0.070540
5.363388
1.194828
1.792338
3.968656
1.706452
2.815346
0.388687
5.930010
3.496750
2.540977
3.093071
2.003709
2.597440
1.355699
3.478841
4.562190
3.178939
3.843159
1.254416
2.278910
4.699972
4.085075
2.766571
3.406972
4.765264
0.355096
3.617215
0.301613
2.492249
1.829992
5.246203
0.090057
4.607702
5.825070
5.940496
4.733170
2.631951
2.989868
1.283780
3.860954
1.920214
5.760592
4.359791
2.471719
4.467395
1.607684
2.639546
5.600281
4.099994
1.275359
5.035429
3.772708
0.802636
1.242796
3.643194
3.779327
2.222861
3.450887
2.708549
0.263372
0.163111
1.876110
0.077175
2.303804
4.098696
0.557055
0.212030
3.674373
3.651242
0.094559
0.098130
1.140448
3.521511
0.345487
2.205408
3.788707
4.305807
4.156016
0.504474
2.726131
2.650970
2.119503
0.921638
4.053868
4.195280
4.365055
2.870306
3.329052
0.726283
2.704524
4.295298
5.357050
1.638615
1.528616
5.193621
1.394102
4.829231
5.450385
1.391366
1.435875
0.298527
0.470304
3.844892
1.145319
5.063217
1.043402
1.024757
5.965773
